174613405
416787932
849139361
173645499
448901088
655291023
860717292
824943602
137845374
543195927
358611107
862890416
297409071
105325117
594802925
633298812
567323151
235900913
864198168
593497755
894023425
558076550
49950012
710035455
505871485
47352869
759094064
493904528
683098552
743631665
503644713
159867966
68240973
743311573
654244298
824081435
236379123
346405953
780598972
112592277
130749559
161630410
384243567
678493494
552442528
97981282
607923250
60391597
9035848
390647676
124498152
938267298
38550049
904576548
539761919
568816625
634885167
345027192
822701435
187577255
357368829
62851189
423637810
900179986
91050004
873067244
171451035
931603625
688440302
296171488
77416703
23463041
421006149
830665255
471922478
780674003
463831965
491418550
108637495
402767862
146860573
999187349
640039724
237730528
326622977
239250698
10392935
35299564
200617928
26727159
25696804
361602851
29245160
140018560
477793878
124602846
177425305
705974256
986892216
194801317
822346183
942143267
530047521
309329179
801912719
366246025
557972508
21507823
517210464
28267638
93729097
498788511
999811383
259317331
971689115
998514765
479413823
68409624
194772573
448796984
388049392
625647022
906849774
520294973
571272511
484265142
35414488
789576266
45784662
18692418
266081933
676906433
252584187
925311043
246701190
457190997
154118143
249534601
116936124
314803886
236545409
969351205
438440374
886154768
786193251
475307180
628962531
315176033
569893746
793182963
247432779
814299422
972865712
528003787
858914770
806331947
87138335
519515447
97258925
428798442
232724359
363851809
566623158
366026331
62372258
280695
154873705
142978950
376340795
667035770
236084365
666215877
851432153
977204109
36409242
828832561
917746069
509464337
365650075
775160724
50135439
237797873
420222567
741711129
792703538
938427115
462182050
441021914
891605596
124552440
380356021
749589366
388008355
90152411
512442985
605572402
748234616
92788408
142594237
205645362
477516821
327493351
358928351
36143886
176227266
917105718
978628659
909855830
227711749
58281325
483283204
461344797
666022636
210505421
823767728
317766439
84612772
591746262
501965684
905474406
347103586
369614284
772964204
856858533
416774063
486321465
859733646
125224700
473236574
932304893
906348895
417916943
282863943
373730013
124074205
334502922
160962186
830670619
834761290
57140572
249549148
929443089
322242600
720276938
663151923
484555095
693699063
82092350
181084535
682189825
197350560
726001885
875506162
478901567
253106296
644924623
921841349
944253057
843451067
193136143
276684755
373744959
75708645
457139498
82259380
384874830
132176576
98400070
83344532
195721958
253256894
74545819
683630658
53854240
615626232
142236651
407714982
557107341
893244374
55494749
510791893
748091879
374971520
405502827
29832148
371479735
102489387
849797423
996425223
961870275
474511829
945879479
226586437
101347979
23961527
122768320
45074763
4277773
632656098
122530756
87101131
720887764
729886133
403061559
966567263
249745800
982768509
34028556
932577606
628802689
928738634
485461891
75939552
22168916
816570646
168840972
108283113
477531679
830048787
145564356
707027874
878235918
905117269
380087748
892527646
606985833
137079358
959371773
140266591
864150100
435931738
246598714
136325955
133347400
67483192
191799136
498911653
40209838
291184255
670372855
467672342
643349642
767068418
658379800
336544765
398321470
735333194
451951240
286249729
391099136
770558247
185872684
69302808
776324821
297912098
609328638
550960263
809587870
503003935
222702552
764573648
815519739
110765503
11800210
624593816
541214055
759116134
558223062
780876579
112897818
926256405
28502158
471638678
132832436
379532566
250888933
286763924
842890074
443286530
230890841
50734920
635061404
173272044
150859607
190688691
84189038
179006856
864681939
650635608
73015935
111901193
611407735
380347750
90761325
664208977
184301610
566491403
428173952
212078635
336335323
510471310
137135190
30530905
42108857
669102946
207293691
166261914
477629372
519703789
841533818
899337176
487521841
961977189
393395376
173441443
336363638
506732235
942439491
74759786
592761369
166004905
417771321
956130332
950893416
663350952
996328757
937505349
2992843
903935604
725578891
41325026
344931005
369573142
673629671
616139105
372428861
857995870
949675654
38191703
146862923
944858469
69635509
575679651
693832210
685697488
396264241
413180852
604912318
653364665
829574093
778910110
149587573
108543822
113995453
673125500
655449357
252066656
831721511
653351294
531883863
633811797
329298815
970328359
937943273
497807389
710010968
743934789
368189668
329529475
244113345
499999152
527659544
512823724
916281392
87385692
370616999
432294465
972038170
83128440
410416753
482633939
343028794
975116486
420048823
116242710
353512699
989513559
93245504
236699660
777825249
103816176
791832407
890728072
111690586
354380643
695158223
149052235
609947182
341338910
10141867
696943389
170040521
568242618
690979795
90097901
905575358
23695418
857573086
801648449
289789280
849062022
94366908
196656755
563900291
326718122
408855524
370498938
588870902
520965617
601673673
401292621
286250710
390078601
396740609
988327652
728360717
845737469
847013202
110639175
213256180
733231868
272683340
674581848
894803849
882553596
483885372
670632696
143652228
932347611
84387881
474527532
539930883
257095146
659797285
632175857
282979342
447058933
19880243
549704330
580371516
802745798
425343856
388166317
678841792
653647872
57658902
555542378
48194670
108922787
66243524
247704762
470537168
577163505
895881474
496713145
161989894
539633278
10073485
284979037
132126733
203914246
309720958
719251878
795451671
279203424
212073594
746728285
565905507
607881871
878496802
2619838
983141334
814469488
508794115
569544877
602952282
255034482
321119333
964895861
59484446
769866260
592271666
657770060
992416618
821173590
852714670
338952225
527557139
520766120
218558103
999975015
186190250
966533693
855637239
670847906
306773275
224511347
794762613
115385886
372125431
282258848
523975195
888959690
72640820
328594613
887088455
365497851
12566895
380311990
436382286
28122460
84003060
593313297
811477433
791150939
281579477
598951438
21427062
333185952
14087220
817448477
508456214
24606972
699746602
556606650
932127154
212024867
188345973
316337084
106648736
911902969
538770239
717778257
888717789
462644809
909580325
762428063
740491498
598604289
916116104
416389810
666304710
303636960
951216576
450811956
250803147
277719405
390191355
44250875
984325325
302299862
499152670
138194582
771991261
765501194
238009339
300021897
652535983
775497759
403996110
634683949
424739839
164915305
67959989
495244617
354210351
163752215
375043818
844355253
971601447
861311818
510067988
368308143
670899607
158581658
118437569
794642499
110772147
576754764
79560289
260601720
897783727
787127465
393170687
72462633
412291335
221881656
410456484
422021437
991502137
973218168
507941127
572955215
880523766
570828384
420246319
131404336
496924043
113937200
37792291
131627360
982515249
288871800
338597444
756381048
849406109
987481763
504445079
846517269
873752199
409015063
303995162
927956302
104662169
58811651
525399957
282993659
501227482
648013265
751467091
42260352
9579144
595060056
302526973
444760631
491793352
597127492
99899126
257118191
751590702
119498791
518290729
486215417
385721070
371026531
54075895
990674671
863613565
847933458
898397749
196009821
203130431
946609427
28626705
135790703
721571887
440973920
897751639
119084945
289975712
796804247
547240544
850992344
336158164
280746267
350517021
748217049
985406787
939626350
916834520
26996115
785424530
264447765
139630606
107966446
69100012
430141826
291028354
36070909
226702723
149605055
688097179
18058544
600680124
605916160
284418923
104920772
959445054
557896426
82319942
238755275
804763296
957160
326997758
430987550
152194133
934314823
810405298
505969130
657120287
941481164
95828916
531983250
6936281
262479812
856692015
783319785
701143716
10918257
764949425
436196662
660244525
676184450
98853484
632583171
598017962
731478582
464619132
689272884
46775349
145594169
968612751
283812954
466865887
530797990
278797150
267410871
519010115
478256040
327635853
458600473
619103540
491031280
900226283
133071034
914405947
726259110
678749656
241219061
492862849
781437488
800261659
391530387
718209965
43706676
481897961
640993700
988571201
956376078
942384843
654801575
58278640
654590943
441929013
813704807
938151277
561976581
162834490
568207471
85565398
722859729
701479214
254913402
140438854
404796679
887243892
780044146
87205648
610840832
592580890
118606947
119006003
174338318
473956426
176566272
122033223
905275052
273138915
811209445
222786997
199037986
223849184
320562171
124800579
171446498
982817688
103954236
296619573
40021440
145370338
201029154
743100090
721047299
739136490
103001296
292311963
688765529
489876296
437733885
113579312
569346014
671097168
454060105
826943183
430284336
516741062
183625880
19376858
625150145
9528163
944140241
442079298
723760640
549893819
73415625
584967779
16906727
554536798
723252774
50450563
572560180
382973037
268299289
489153845
200225715
443304272
465327796
248227709
235975341
830811895
937275088
731544370
72164124
53244431
363871646
429112271
495258336
558781975
944612688
722443423
994199629
422322033
614018771
365952543
683266251
312772735
159772452
157906602
494498979
224485213
841644528
542755293
223286263
276652767
49778474
701080989
9606091
518402681
640876610
112538061
113476691
633400016
871348782
169617616
30664418
956429850
90048433
55873515
91662940
75199293
185191230
909343540
479487016
51677972
374060695
775391237
389241705
469389031
20800181
436905561
652755076
289406258
961559502
436568097
921425177
77107023
840713
33608435
144807906
652417656
701162362
941711100
804334335
981342923
851553045
859911839
480309929
418920854
582892935
124833815

