42259723
672123761
147707229
130412907
273115720
140166190
931706247
733868722
473985875
358344962
208085865
696693094
859037381
326362916
265616587
808057304
896345206
982621562
635040546
619097922
647600330
617069397
780656641
655927781
384840214
368379133
336887431
250598436
243156062
924486705
163630659
259817388
77565961
120491129
311189802
98144569
975012974
642259859
244108776
42582538
718548568
605351753
645773485
69166887
564933302
183075200
643671248
14973479
325222310
282437475
82076208
402281417
663554266
284043642
439935397
296724925
404076900
954740162
489755595
827708505
530754918
735969748
506541282
393648216
761140544
810934811
36199769
799885799
324106019
26509557
100451522
201049513
817643637
102113907
656407593
786482258
397520288
886296913
961008064
287249708
460487543
318452221
980872846
482830702
665923285
287116095
963596857
15948276
49380510
882544677
308593442
328398427
738228757
278595669
563334770
505010727
897151830
501850773
59827321
364048799

